2 0 0 1
2 1 0 2
2 10 0 1024
2 31 0 2147483648
2 32 0 4294967296
2 33 0 8589934592
2 53 0 9007199254740992
2 63 0 9223372036854775808
2 64 0 18446744073709551616
2 65 0 36893488147419103232
2 127 0 170141183460469231731687303715884105728
2 128 0 340282366920938463463374607431768211456
3 40 0 12157665459056928801
10 20 0 100000000000000000000
10 30 0 1000000000000000000000000000000
-2 3 0 -8
-2 4 0 16
-3 7 0 -2187
0 0 0 1
0 5 0 0
1 1000 0 1
-1 1001 0 -1
7 1 0 7
2 10 1000 24
2 64 1000000007 582344008
3 200 97 62
-5 3 13 5
123456789 17 0 359546124471575764925622830273112129636688611617263683205958275104168847353351657002798266852535074050435975887995385426521413903660527829
2 96 0 79228162514264337593543950336
5 45 0 28421709430404007434844970703125
955 24 1 0
379 106 2 1
-531 2 2 1
-12 113 2 0
-361 32 2 1
-903 91 0 -92807971096100930103598785585643723159528330401639427551140325789262877666195092184010812221195457000115612263145863946340769683325001958594193462405336300829490758886462513948509895747391766447780770555157275798268120029253633162357895857346131479142534871881466647447
314 37 0 243442824785220873118795348126278686229632550558950905440645273557800124913349111383068770304
618 145 2 0
925 73 0 3375565114675800530146628876425868663459434074438482929743568251863501986932691661733232639892051733431735585114011089309218063366962987538723807424803808142527928636525655120732836156349776501883752644062042236328125
-313 27 0 -23971605049719250166277435011565964397301989336113163115932961551017
540 46 2 0
-376 103 1 0
899 44 2 1
31 107 2 1
37 6 0 2565726409
132 99 2 0
-158 143 1 0
617 113 0 2005504014927703411292125326181427036344213067328323116596222943121743795215439831403832391769194038456246453160344933371404947598319888077050156680247315103228228178080109308478747512527046958590105892476605885905894622445911879506733397134932099453031630143704485302585869333409737085943945012048137285953984437737
914 123 0 15717449558643590346110159492607775753221077192041457907553050379497062714393128048911767131589161203918790083844241295345277928820395963100445837886461086446230169497177846360580482005327394410459960515033435598183628862633128968564282197840267930178670794890159634370428887099923565953974522479671115403384609971296428775433742500807403244616682936483800095391744
309 124 0 568658386803197619092754891704474444907889291790281224385133653976454792869820297914656157521063270064128588067730578830707488238195434707402997486243887166712727378571155530686196482260468436857961738528385221092674320260326498994371510088317146227302067054904548375132594393634837329152170834409580530046161
272 81 1 0
-122 115 0 -853847925490634160942131408206072058683947435977707159281120680460004669060861794916674525559617108508792813850048614517976785978510589520041803650220306546693543917748641549675884195652112225896685698385083479023575487746211216452084563968
271 24 1 0
683 82 2 1
264 134 1 0
244 60 2 0
-791 94 1 0
355 72 0 4134675398056087056898550075077552920452191727626542296353098862223492950912752198539958713073534598531759769248599970016513821994302949701231321422145725819063954986631870269775390625
739 121 0 127637134562234739315384228194836672522171321958973650978892025632637329044901437336260243621857566983121287525226609141145936932468385733006757470029315019606178132201514550858055719556096414380789607063361832427013243736372084155586802818899552845848422694055641051203320671411843977251775069145719201889481039398735458569186564732725544552033539
-96 72 2 0
482 47 1 0
990 11 1 0
-127 76 2 1
-288 72 2 0
999 142 2 1
-309 77 0 -533092921237626519777256666920838898328101935220069092530826620966522291621063373151836893712664868325028253350169604622075174211172197928047205399955943940874069817203801006761747687344235269
-182 101 2 0
213 50 1 0
-698 133 1 0
888 31 0 25165289979597349431506609160033474041516959520236950275173755089834965817290325661698752512
-386 17 2 0
734 130 2 0
904 66 1 0
385 127 1 0
543 92 2 1
-757 156 1 0
-871 14 1 0
-761 110 1 0
-557 151 2 1
386 76 1 0
-931 4 0 751274631121
-778 153 2 0
29 145 0 111611692871075866608636084761740986349153417019485335121899866095848691267608897495981858249484659461716717079286756889812195676369338940096067748201506631765083682569043536001809125925655452419141275911065888349
-555 151 0 -2444783757259038703028185784238699652849736508927209920916521981367803000448305578456219683868989150224934104072741125437120425208011548486672385871061207981280721321512395267874075915516813444085340305566824276228454833699840416165458787909560651893714494945061249271353741303377708940956831850294315260817708660558965075872659488798427832380728252395460796467960334755575683984840651419290225021541118621826171875
-131 74 2 1
-503 159 1 0
-789 73 0 -30663465375397312883196583550126522261492929080872116168793347094537885289792414825990549565648353487816549024037233222648122616023206939473925099200756833208884589139915430667980016095736784062637956192199866869
637 54 0 26517302694424122200704073019013307006004768602785838420028671776936082767443450509466087209569745286118675698521008828823036937063609439551688481172889
901 146 1 0
447 25 0 1810039607675948029458162710611772987547130538008717926663481551807
236 117 1 0
317 115 1 0
229 29 1 0
949 6 1 0
883 36 1 0
846 57 1 0
-988 92 2 0
-333 78 0 56318387738380582534030396916822632010875789209293352511272253274211960030291512639886904583913103203559867084410780458165836723765342702041891358146382505697931743618085268034216917882352079659609
187 123 2 1
-458 3 0 -96071912
90 55 2 0
806 50 2 0
79 94 0 23820264594667467190184403013168826184045560904013083949845161335375674749904596942877511443259922368471508951254043301841598310810959122639093018750573711401473264757112263998881
764 93 1 0
-179 57 1 0
-6 81 1 0
999 56 1 0
26 127 2 0
679 85 1 0
-548 89 1 0
-517 136 1 0
-580 142 2 0
-732 47 1 0
-951 153 1 0
-598 25 2 0
-753 126 1 0
542 139 2 0
551 27 1 0
821 51 2 1
-198 116 2 0
-157 151 1 0
569 63 0 373312715582248876178069135534373548206165181578512069428551839519545813677053387649715057186411493571079309241442453780414351553841496753058271009318560228483020025636979209
595 148 1 0
440 110 2 0
753 112 1 0
98 42 2 0
-445 30 2 1
872 55 2 0
-599 56 0 343480474199160069616697718406890401917779906074145917396401425338923787911320905982744369126061120503476121088663899706456121099631515973728718637034366401
-757 99 0 -1072734061322179526909727341004476895903094122312281297856952823430239968820313813359810701438286558309220334617576836652179617597086122485919474957539946616497889620973770532020283370012204049387060189752327136109518823721384825439310950515824960812576151893497212766984553936484962893
707 115 0 4822059741545498894551142120440323328535131374741887391739519055292151019356369602275179389467434889504168798867256362395773207254097948975656113719411678529105595697846438632443462828779159071348003303364282772030818711548194246416875365340612786350671244697416385475213983789561864060226261603486271925464621923289901475084443
353 109 1 0
464 16 0 4616232655329660742625658671886534166183936
713 128 0 156841078869552912536714941086102187333315873237224246714887187828490395412999249308684945240108356228236697195467516144186556529757103102337034734277252939833195396460470539890366031628053214893541681283313702552823182317398569200898532075378796621519059487430413987448968933787051065264478328168278934371668067573423694179192269372487485567330193886224498762142721
-377 52 2 1
-486 124 1 0
-4 80 0 1461501637330902918203684832716283019655932542976
645 158 2 1
738 88 1 0
-903 24 2 1
-678 128 0 249689807760764995094281928977384500976893284996073585213753821334355574934861239748853540118910771362650405355573350573683531476137753615309464800171621419674893386136255843870039023717866076421928594292650886967628760251056919921843103704689831451544366744188875532052872908634431876430833417662473914805261176213587582581075459170897954385489228644139071963136
632 26 0 6586338320265979094603809018839428954993873895696657180600039379277185024
280 38 2 0
-883 3 1 0
-618 99 1 0
-43 88 0 556191171548173673572643183204463255621576720001855442340835097945627348116582471156675690091035314828889226716777160105584455303372191639853601
575 129 1 0
-448 140 0 150980882568789442347244001412821081867700349220893315919359389379160683756100061129075365558593365330481986164880067126644733398572897359567870973203149395898625415386413075109458260625827029031261808769576726718279481438308506076385769139695976307397958443626929331104130887119868560085032455964232149678753948839783689307115839729416770321390198452974644334953051979776
-535 40 2 1
230 20 2 0
714 108 1 0
710 156 0 6256081534460309341686552953978566972781115129854131964812533982816789833970503935903383342941001275963958652745986218147209968796054915122090678823796619713647702457254741127471293717829928105208312618205391707375773610950413679660060942824657233193539178215524667549043996609744158261921000000000000000000000000000000000000000000000000000000000000000000000000000000000000000000000000000000000000000000000000000000000000000000000000000000000000
79 95 0 1881800902978729908024567838040337268539599311417033632037767745494678305242463158487323404017533867109249207149069420845486266554065770688488348481295323200716387915811868855911599
980 145 1 0
-922 43 2 0
877 85 0 14287802426673988269150410064000182768556932025063479304517736955486875257296457235610290935512145280180956343034808152774401917360744875610104276080919289837141252957680352716609928560690382438628435413373554752404093977797300345608363864789011365757
524 19 1 0
-691 138 1 0
-693 147 0 -3870664131010992585967479167592070067161711104989811203428206747774013379278001453314086866367428036002648545690126464952264648559512788003254243063564065738419737909393909821114845951384023277721921202089931401471498683952399166204461053063580672902022029265526997372444106977498204710177356272324563327326312356099912401891996246717274648438146115536749328193940014650529731087611837367393492326122758101016910116557
512 48 0 11090678776483259438313656736572334813745748301503266300681918322458485231222502492159897624416558312389564843845614287315896631296
844 38 0 1588594196998415984880186626825524066072100476625598238205352863839554635459866896395967430228113220190617993216
-708 54 1 0
-989 148 1 0
692 0 1 0
133 135 0 52477305850806751128950058645090665632197509560569751134028979338136399029876520370593046611973385514579727029266341249176962724943787894486986943280222144569801595055994312557277958795498707459174299663385185572798033915248964090590766264634135926193126871447042692059537591338192746157
364 21 2 0
-535 95 0 -15617420074075730025752398772799629506707813263172571735614630455846818355170581179649118084747605158830349455480205476648909924842891613648085383772634711072178628617747408164950169858830956952668040097357103067839448860831819132499731495045125484466552734375
-531 68 2 1
660 115 0 1768286320845895227512445559009607807486295827035675949096434519961449502068685940128999587749324685040666929615064763481631662484926902325442766184074915644975823785397027423241862300400055883943798833424629760000000000000000000000000000000000000000000000000000000000000000000000000000000000000000000000000000000000000000000
461 155 1 0
-72 66 2 0
-324 23 1 0
-500 66 0 13552527156068805425093160010874271392822265625000000000000000000000000000000000000000000000000000000000000000000000000000000000000000000000000000000000000000000000000000000000000
926 149 0 10593440109015897904110454908572774742773678413044628910241298694617165974755206264777024434300711328940767760168818625946943575945274981576908175106319853044614886727136601245026114719232774078187910119039053748945765190003379199279194082799544235134664104345486550547162159855941872717949023978097418817978579992423875590223624879090168422323032023525451367836223663778484360383211617363983857366424980290996611049772268463748268852380696576
121 119 2 1
-434 137 0 -21681680640800358272191181960709130118757056528154843946664364364797300755719060457137781566981900095782461611647707402771763624478003675577147455379937052446494668604193351956523534044907821526892583446664395987711392702129309407547542492954356532859905182452333740946784555634103715840861221913093931443025482463973827102494624461342152566143789911832992415744
-729 157 0 -280686771946114611455574511201142873346376916663969758664853008376603537144207952602842493281854092441512051490527954925181935502761740985081979495502127885244119206913571018695377677434152138101156437715178976725667191094824056605188406765065736915811488404748077085879694352260039075970785177024146873699750996906994414411013166048916370156627211347030587536139198628399331765361350615141402342929423656261400666693949260211145079573911240959241209
263 113 0 2851015506010753904836737414897088595761611956904120078313298271618760737516121185395055636262647705544153005424726878087831033804348073843482548728712353826615040266860418845813746043479355046268480982348821548076999720246599334851167465487364579198110651427789852931962503
-112 128 0 19948346432788815440038746885626671049581074878663210360221142550325789984366753125862211841552081531106997086401560692222099429392474819617659496730652547900799378860214184858675740131802440799055159380439313300334649970791130198093388985251277039591787012816896
-934 125 1 0
395 98 2 1
-604 146 0 10749618180979585402007748440277313521943873830395417262510637245033721185190791046647228319718196617375934604400290327196335243118278928394147645366934427473602514126328666679373517616353353447535589559140001557080736204158939936630934610010557893301177142885289089755583474253703127469969627201449714848495841534551004512325752964750757899573890326845134748363197065292711264920825273247389342433904951296
71 80 1 0
-425 72 2 1
-550 5 1 0
-187 110 0 7990550839271526694570135889578770492673794431525440110314074886540608137935822533327389524239375309654283876157430005193183904453228021048238483793834060329941831743570860914604256913158344504954527218674891341702638402372434367951986188549421391849
680 138 0 7695377930063155195329470715930610525249430182062102212674816152929896845790849808429619352086760494007884920217938566213996732906274220455095550614591016690294903382972055915780567053266285033527034618932927349684911904611590219156155377725845876506624000000000000000000000000000000000000000000000000000000000000000000000000000000000000000000000000000000000000000000000000000000000000000000
-449 142 2 1
513 7 0 9350214108119830017
905 50 1 0
638 41 2 0
-439 70 2 1
698 158 2 0
956 23 1 0
-37 111 2 1
649 121 0 19125302492970040056988714471121798444960878136910235273803034038640574815961128382317681387147798071333940852863186692986226670960609056521699848979879201090956819761965097738018275332823673071047028133490686207913837068933849864733306679301444087140634994612686759714600959635695779204823375806454877648150563979880039665160158190252728649
-88 40 2 0
436 44 0 137216244171708579821803693589304856047006400100960685931588710181789946476327769314521183412461238529847091177455616
-784 135 2 0
-908 88 2 0
507 147 2 1
-17 153 0 -181419919907036280649478169945191105218710869552871882165610659782995592806901500862618491409403869967078426442775378678240690146066798142011530550527679359269105359869000383712515854120337
-631 120 2 1
338 32 0 842043269537225618345041465122411143944843647932808053094575859719577790584979456
-1 82 1 0
-499 83 1 0
738 57 2 0
683 73 2 1
-542 77 2 0
383 63 2 1
-73 120 2 1
-884 29 1 0
557 41 2 1
-999 18 2 1
103 49 0 425621943563795136431162487306111013692506515435362566512171481675191716182370076980464442931178983
898 118 0 3066251168674099342199522047487714518121999249739711177483080714647587998713670963669188059707676658283052442516616573799220276453760870503844559246148789040043802317750309355125770526106722919332656954638429664824638900472789216318513407263116501362861701067417117448184083357944078760356948886752388880817808283973150754785820822464357114780319744
359 20 1 0
-252 154 0 6541589390126736282181068859350746364495164146320562444335467164044301149488931495010976865446995919599801163030673885290966540789843575588445484940918227953117159728044730315987180147170413119543712325916679069780750952914995641518027986137131637727740260702665827194346266220459216853370940820400675649662903269550168234168047498544316801891858007231048780690420137984
69 81 0 88465991582170118419875824276436366895198751160582372493662503150131791360444618715785879888409380303733751811294826277413917994509230074860064689669
-396 130 0 50161922206074107722336129538546775537738615526761790326428194917728339790859891819261839501007396679325793470966842961861876198678332420000057385202613311235511807374858392301926701972549635861097044335556017262531296825327334169164535060860204493951233119521370913838631365411674555897656907068362934291314451420524790501021457345150976
-194 65 2 0
685 37 1 0
-660 17 2 0
897 30 0 38350699643404433301046764550635553739640167919284860800829250189345987080341708908603649
448 156 0 397530251732078115538684732355557704105352276486619146291743941165769339856615738394741759980689936246672711041089630601522282096080826190190882422634877826197552145458484538646460980827191533058719801257937705064958511841405740110459265871606766637370235659663491585605417658975731382761991775325750374726013897298349082337851245178018910259201935379408850374025400023353617968337163464662899217875527531638030336
-12 6 1 0
-797 27 2 1
-154 9 2 0
227 69 0 3679460511070474599228150526189606449239330379678847713494430223099624710585270455012562593194820493577371843592943779781631887724655744261956600008770760683067987
-725 137 2 1
